228,3
228,2
228,1
228,0
227,3
227,2
227,1
227,0
226,3
226,2
226,1
226,0
225,3
225,2
225,1
225,0
224,4
224,3
224,2
224,1
224,0
223,3
223,2
223,1
223,0
222,3
222,2
222,1
222,0
221,3
221,2
221,1
221,0
0,592
0,591
220,3
220,2
220,1
220,0
219,3
219,2
219,1
219,0
218,3
218,2
218,1
218,0
217,3
217,2
217,1
217,0
216,4
216,3
216,2
216,1
216,0
215,3
215,2
215,1
215,0
214,3
214,2
214,1
214,0
213,3
213,2
213,1
213,0
0,590
6,9
208,7
208,6
208,5
6,8
6,7
212,3
212,2
212,1
212,0
211,3
211,2
211,1
211,0
210,3
210,2
210,1
210,0
209,3
209,2
209,1
209,0
208,4
208,3
208,2
208,1
208,0
207,3
207,2
207,1
207,0
206,3
206,2
206,1
206,0
205,3
205,2
205,1
205,0
0,589
197,6
197,5
197,4
204,3
204,2
204,1
204,0
203,3
203,2
203,1
203,0
202,3
202,2
202,1
202,0
201,3
201,2
201,1
201,0
200,4
200,3
200,2
200,1
200,0
199,3
199,2
199,1
199,0
198,3
198,2
198,1
198,0
197,3
197,2
197,1
197,0
15,27
189,6
189,5
189,4
196,3
196,2
196,1
196,0
195,3
195,2
195,1
195,0
194,3
194,2
194,1
194,0
193,3
193,2
193,1
193,0
192,4
192,3
192,2
192,1
192,0
191,3
191,2
191,1
191,0
190,3
190,2
190,1
190,0
189,3
189,2
189,1
189,0
181,6
181,5
181,4
188,3
188,2
188,1
188,0
187,3
187,2
187,1
187,0
186,3
186,2
186,1
186,0
185,3
185,2
185,1
185,0
184,4
184,3
184,2
184,1
184,0
183,3
183,2
183,1
183,0
182,3
182,2
182,1
182,0
181,3
181,2
181,1
181,0
0,588
180,3
180,2
180,1
180,0
179,3
179,2
179,1
179,0
178,3
178,2
178,1
178,0
177,3
177,2
177,1
177,0
176,4
176,3
176,2
176,1
176,0
175,3
175,2
175,1
175,0
174,3
174,2
174,1
174,0
173,3
173,2
173,1
173,0
172,3
172,2
172,1
172,0
171,3
171,2
171,1
171,0
170,3
170,2
170,1
170,0
169,3
169,2
169,1
169,0
168,4
168,3
168,2
168,1
168,0
167,3
167,2
167,1
167,0
166,3
166,2
166,1
166,0
165,3
165,2
165,1
165,0
164,3
164,2
164,1
164,0
163,3
163,2
163,1
163,0
162,3
162,2
162,1
162,0
161,3
161,2
161,1
161,0
160,4
160,3
160,2
160,1
160,0
159,3
159,2
159,1
159,0
158,3
158,2
158,1
158,0
157,3
157,2
157,1
157,0
156,3
156,2
156,1
156,0
155,3
155,2
155,1
155,0
154,3
154,2
154,1
154,0
153,3
153,2
153,1
153,0
152,4
152,3
152,2
152,1
152,0
151,3
151,2
151,1
151,0
150,3
150,2
150,1
150,0
149,3
149,2
149,1
149,0
15,26
148,3
148,2
148,1
148,0
147,3
147,2
147,1
147,0
146,3
146,2
146,1
146,0
145,3
145,2
145,1
145,0
144,4
144,3
144,2
144,1
144,0
143,3
143,2
143,1
143,0
142,3
142,2
142,1
142,0
141,3
141,2
141,1
141,0
140,3
140,2
140,1
140,0
139,3
139,2
139,1
139,0
138,3
138,2
138,1
138,0
137,3
137,2
137,1
137,0
136,4
136,3
136,2
136,1
136,0
135,3
135,2
135,1
135,0
134,3
134,2
134,1
134,0
133,3
133,2
133,1
133,0
132,3
132,2
132,1
132,0
131,3
131,2
131,1
131,0
130,3
130,2
130,1
130,0
129,3
129,2
129,1
129,0
128,4
128,3
128,2
128,1
128,0
127,3
127,2
127,1
127,0
126,3
126,2
126,1
126,0
125,3
125,2
125,1
125,0
0,587
124,3
124,2
124,1
124,0
123,3
123,2
123,1
123,0
122,3
122,2
122,1
122,0
121,3
121,2
121,1
121,0
120,4
120,3
120,2
120,1
120,0
119,3
119,2
119,1
119,0
118,3
118,2
118,1
118,0
117,3
117,2
117,1
117,0
15,25
116,3
116,2
116,1
116,0
115,3
115,2
115,1
115,0
114,3
114,2
114,1
114,0
113,3
113,2
113,1
113,0
112,4
112,3
112,2
112,1
112,0
111,3
111,2
111,1
111,0
110,3
110,2
110,1
110,0
109,3
109,2
109,1
109,0
108,3
108,2
108,1
108,0
107,3
107,2
107,1
107,0
106,3
106,2
106,1
106,0
105,3
105,2
105,1
105,0
104,4
104,3
104,2
104,1
104,0
103,3
103,2
103,1
103,0
102,3
102,2
102,1
102,0
101,3
101,2
101,1
101,0
93,6
93,5
93,4
100,3
100,2
100,1
100,0
99,3
99,2
99,1
99,0
98,3
98,2
98,1
98,0
97,3
97,2
97,1
97,0
96,4
96,3
96,2
96,1
96,0
95,3
95,2
95,1
95,0
94,3
94,2
94,1
94,0
93,3
93,2
93,1
93,0
15,24
85,6
85,5
85,4
92,3
92,2
92,1
92,0
91,3
91,2
91,1
91,0
90,3
90,2
90,1
90,0
89,3
89,2
89,1
89,0
88,4
88,3
88,2
88,1
88,0
87,3
87,2
87,1
87,0
86,3
86,2
86,1
86,0
85,3
85,2
85,1
85,0
0,586
0,585
77,6
77,5
77,4
84,3
84,2
84,1
84,0
83,3
83,2
83,1
83,0
82,3
82,2
82,1
82,0
81,3
81,2
81,1
81,0
80,4
80,3
80,2
80,1
80,0
79,3
79,2
79,1
79,0
78,3
78,2
78,1
78,0
77,3
77,2
77,1
77,0
69,5
69,4
76,3
76,2
76,1
76,0
75,3
75,2
75,1
75,0
74,3
74,2
74,1
74,0
73,3
73,2
73,1
73,0
72,4
72,3
72,2
72,1
72,0
71,3
71,2
71,1
71,0
70,3
70,2
70,1
70,0
69,3
69,2
69,1
69,0
0,584
0,583
68,8
68,7
68,6
68,5
68,4
68,3
68,2
0,582
68,1
68,0
67,8
67,7
67,6
67,5
67,4
67,3
67,2
67,1
67,0
66,8
66,7
66,6
66,5
66,4
66,3
66,2
66,1
66,0
65,8
65,7
65,6
65,5
65,4
65,3
65,2
65,1
65,0
2,7
64,3
64,2
64,1
64,0
63,3
63,2
63,1
63,0
62,4
62,3
62,2
62,1
62,0
61,8
61,7
61,6
61,5
61,4
61,3
61,2
61,1
61,0
60,8
60,7
60,6
60,5
60,4
60,3
60,2
60,1
60,0
59,6
59,5
59,4
59,3
59,2
59,1
59,0
58,5
58,4
58,3
58,2
58,1
58,0
57,6
57,5
57,4
57,3
57,2
57,1
57,0
4294967294,131
4294967294,130
4294967294,129
4294967294,128
4294967294,127
4294967294,126
4294967294,125
4294967294,124
4294967294,123
4294967294,122
4294967294,121
4294967294,120
4294967294,119
4294967294,118
4294967294,117
4294967294,116
4294967294,115
4294967294,114
4294967294,113
4294967294,112
4294967294,111
4294967294,110
4294967294,109
4294967294,108
4294967294,107
4294967294,106
4294967294,105
4294967294,104
4294967294,103
4294967294,102
4294967294,101
4294967294,100
4294967294,99
4294967294,98
4294967294,97
4294967294,96
4294967294,95
4294967294,94
4294967294,93
4294967294,92
4294967294,91
4294967294,90
4294967294,89
4294967294,88
4294967294,87
4294967294,86
4294967294,85
4294967294,84
4294967294,83
4294967294,82
4294967294,81
4294967294,80
4294967294,79
4294967294,78
4294967294,77
4294967294,76
4294967294,75
4294967294,74
4294967294,73
4294967294,72
4294967294,71
4294967294,70
4294967294,69
4294967294,68
4294967294,67
4294967294,66
4294967294,65
4294967294,64
4294967294,63
4294967294,62
4294967294,61
4294967294,60
4294967294,59
4294967294,58
4294967294,57
4294967294,56
4294967294,55
4294967294,54
4294967294,53
4294967294,52
4294967294,51
4294967294,50
4294967294,49
4294967294,48
4294967294,47
4294967294,46
4294967294,45
4294967294,44
4294967294,43
4294967294,42
4294967294,41
4294967294,40
4294967294,39
4294967294,38
4294967294,37
4294967294,36
4294967294,35
4294967294,34
4294967294,33
4294967294,32
4294967294,31
4294967294,30
4294967294,29
4294967294,28
4294967294,27
4294967294,26
4294967294,25
4294967294,24
4294967294,23
4294967294,22
4294967294,21
4294967294,20
4294967294,19
4294967294,18
4294967294,17
4294967294,16
4294967294,15
4294967294,14
4294967294,13
4294967294,12
4294967294,11
4294967294,10
4294967294,9
4294967294,8
4294967294,7
4294967294,6
4294967294,5
4294967294,4
4294967294,3
4294967294,2
4294967294,0
1,0
2,0
3,0
9,0
22,0
16,0
19,0
24,0
10,0
12,0
28,0
13,0
6,0
15,0
49,0
54,0
52,0
55,0
56,0
53,0
50,0
25,0
4,0
26,0
27,0
5,0
40,0
39,0
21,0
32,0
37,0
33,0
38,0
34,0
36,0
35,0
0,308
0,304
0,303
0,12
0,554
0,10
0,8
0,0
0,540
0,492
0,300
0,576
0,401
0,299
0,519
0,400
0,298
0,518
0,399
0,297
0,398
0,296
0,581
0,491
0,295
0,490
0,397
0,294
0,489
0,396
0,293
0,539
0,463
0,292
0,488
0,462
0,291
0,517
0,461
0,290
0,395
0,289
0,460
0,394
0,288
0,579
0,393
0,287
0,392
0,391
0,286
0,459
0,390
0,285
0,458
0,457
0,284
0,456
0,389
0,283
0,538
0,487
0,282
0,516
0,388
0,281
0,455
0,387
0,280
0,454
0,386
0,279
0,486
0,385
0,278
0,485
0,453
0,277
0,537
0,452
0,276
0,577
0,384
0,275
0,383
0,274
0,536
0,382
0,273
0,484
0,381
0,272
0,535
0,451
0,271
0,450
0,380
0,270
0,449
0,379
0,269
0,534
0,378
0,268
0,533
0,377
0,267
0,483
0,448
0,266
0,532
0,447
0,265
0,446
0,376
0,264
0,542
0,375
0,263
0,541
0,374
0,262
0,560
0,373
0,261
0,559
0,445
0,260
0,444
0,372
0,259
0,482
0,371
0,258
0,443
0,370
0,257
0,558
0,369
0,256
0,515
0,481
0,255
0,514
0,442
0,254
0,531
0,368
0,253
0,252
0,440
0,366
0,251
0,513
0,365
0,250
0,512
0,439
0,249
0,557
0,438
0,248
0,480
0,364
0,247
0,479
0,363
0,246
0,556
0,245
0,437
0,361
0,244
0,477
0,436
0,242
0,435
0,360
0,241
0,434
0,359
0,240
0,433
0,573
0,575
0,580
1,1
1,3
2,1
2,3
2,5
2,6
3,2
3,3
4,2
4,3
5,2
5,4
5,5
5,7
5,8
6,2
6,4
6,5
9,1
9,2
9,4
10,1
10,3
12,1
12,2
12,4
13,1
13,3
15,2
15,3
15,5
15,6
15,8
15,9
15,11
15,13
15,14
15,16
15,17
15,19
15,21
15,22
16,1
16,2
19,1
19,3
19,4
21,2
21,3
22,2
22,3
22,5
24,1
24,2
24,4
24,5
25,2
26,1
26,2
26,4
27,1
27,3
28,1
28,3
32,2
32,3
33,2
33,3
33,5
34,2
34,3
35,1
35,2
36,1
36,2
36,4
37,1
37,2
37,4
37,5
37,7
38,1
38,2
38,4
38,5
39,2
39,3
40,1
40,3
40,4
40,6
49,1
49,3
49,5
49,6
50,2
50,3
52,2
52,4
52,5
52,7
52,8
52,10
52,11
52,13
52,15
53,1
53,3
53,4
53,6
53,8
53,9
53,11
53,12
53,14
53,15
53,17
53,19
53,20
53,22
53,23
53,25
53,27
53,28
53,30
53,31
54,2
54,3
54,5
54,7
54,8
54,10
54,11
54,13
54,15
54,16
54,18
54,19
54,21
54,23
54,24
55,1
55,2
55,4
55,5
55,7
55,9
56,1
56,3
56,4
56,6
56,8
56,9
56,11
56,12
56,14
56,13
56,10
56,7
56,5
56,2
55,8
55,6
55,3
54,25
54,22
54,20
54,17
54,14
54,12
54,9
54,6
54,4
54,1
53,29
53,26
53,24
53,21
53,18
53,16
53,13
53,10
53,7
53,5
53,2
52,14
52,12
52,9
52,6
52,3
52,1
50,1
49,4
49,2
40,5
40,2
39,4
39,1
38,3
37,8
37,6
37,3
36,5
36,3
35,3
34,4
34,1
33,4
33,1
32,1
28,2
27,2
26,3
25,3
25,1
24,3
22,6
22,4
22,1
21,1
19,2
16,3
15,23
15,20
15,18
15,15
15,12
15,10
15,7
15,4
15,1
13,2
12,3
10,4
10,2
9,3
6,6
6,3
6,1
5,6
5,3
5,1
4,1
3,1
2,4
2,2
1,2
0,578
0,574
0,572
0,571
0,570
0,569
0,568
0,567
0,566
0,565
0,564
0,563
0,562
0,561
0,555
0,494
0,478
0,441
0,408
0,367
0,362
0,322
0,310
0,307
0,305
0,302
0,243
0,9
0,358
0,239
0,476
0,357
0,238
0,530
0,475
0,237
0,432
0,236
0,511
0,356
0,235
0,510
0,355
0,234
0,474
0,354
0,233
0,529
0,353
0,232
0,528
0,352
0,231
0,431
0,351
0,230
0,527
0,509
0,229
0,473
0,350
0,228
0,508
0,349
0,227
0,507
0,348
0,226
0,430
0,347
0,225
0,472
0,429
0,224
0,428
0,427
0,223
0,526
0,346
0,222
0,471
0,345
0,221
0,426
0,344
0,220
0,470
0,343
0,219
0,469
0,425
0,218
0,525
0,506
0,217
0,505
0,342
0,216
0,504
0,341
0,215
0,524
0,340
0,214
0,468
0,339
0,213
0,503
0,467
0,212
0,466
0,424
0,211
0,423
0,338
0,210
0,422
0,337
0,209
0,421
0,336
0,208
0,553
0,335
0,207
0,502
0,465
0,206
0,464
0,334
0,205
0,420
0,333
0,204
0,419
0,332
0,203
0,552
0,331
0,202
0,523
0,418
0,201
0,501
0,417
0,200
0,500
0,330
0,199
0,416
0,329
0,198
0,415
0,328
0,197
0,521
0,327
0,196
0,522
0,414
0,195
0,499
0,413
0,194
0,412
0,326
0,193
0,411
0,325
0,192
0,324
0,63
0,520
0,323
0,62
0,498
0,410
0,61
0,550
0,409
0,60
0,551
0,321
0,59
0,407
0,320
0,58
0,406
0,319
0,57
0,497
0,318
0,56
0,496
0,405
0,55
0,495
0,404
0,54
0,548
0,317
0,53
0,547
0,316
0,52
0,549
0,315
0,51
0,546
0,314
0,50
0,545
0,313
0,49
0,544
0,312
0,48
0,403
0,311
0,47
0,402
0,309
0,46
0,543
0,306
0,45
0,493
0,301
0,6
0,5
0,1
0,11
0,4
0,2
0,3
0,7
